                     Stratified by Country
                      1            2            3            4          
  n                   1038         1002         1013         509        
  AgeGroup (%)                                                          
     1                  90 ( 8.7)   106 (10.6)    87 ( 8.6)   74 (14.5) 
     2                 146 (14.1)   185 (18.5)   179 (17.7)  127 (25.0) 
     3                 172 (16.6)   227 (22.7)   149 (14.7)  100 (19.6) 
     4                 183 (17.6)   195 (19.5)   164 (16.2)   84 (16.5) 
     5                 179 (17.2)   144 (14.4)   157 (15.5)   75 (14.7) 
     6                 153 (14.7)   116 (11.6)   149 (14.7)   33 ( 6.5) 
     7                 115 (11.1)    29 ( 2.9)   128 (12.6)   16 ( 3.1) 
  Gender = 2 (%)       494 (47.6)   447 (44.6)   472 (46.6)  238 (46.8) 
  AnnualNetIncome (%)                                                   
     1                 273 (26.3)   279 (27.8)   230 (22.7)  266 (52.3) 
     2                 249 (24.0)   258 (25.7)   241 (23.8)  177 (34.8) 
     3                 245 (23.6)   227 (22.7)   268 (26.5)   48 ( 9.4) 
     4                 271 (26.1)   238 (23.8)   274 (27.0)   18 ( 3.5) 
